1 1
1 2
1 3
1 4
1 5
1 6
1 7
1 8
1 9
1 10
1 11
1 12
1 13
1 14
1 15
1 16
1 17
1 18
1 19
1 20
1 21
1 22
1 23
1 24
1 25
1 26
1 27
1 28
1 29
1 30
1 31
1 32
1 33
1 34
1 35
1 36
1 37
1 38
1 39
1 40
1 41
1 42
1 43
1 44
1 45
1 46
1 47
1 48
1 49
1 50
2 2
2 3
2 4
2 5
2 6
2 7
2 8
2 9
2 10
2 11
2 12
2 13
2 14
2 15
2 16
2 17
2 18
2 19
2 20
2 21
2 22
2 23
2 24
2 25
2 26
2 27
2 28
2 29
2 30
2 31
2 32
2 33
2 34
2 35
2 36
2 37
2 38
2 39
2 40
2 41
2 42
2 43
2 44
2 45
2 46
2 47
2 48
2 49
2 50
3 3
3 4
3 5
3 6
3 7
3 8
3 9
3 10
3 11
3 12
3 13
3 14
3 15
3 16
3 17
3 18
3 19
3 20
3 21
3 22
3 23
3 24
3 25
3 26
3 27
3 28
3 29
3 30
3 31
3 32
3 33
3 34
3 35
3 36
3 37
3 38
3 39
3 40
3 41
3 42
3 43
3 44
3 45
3 46
3 47
3 48
3 49
3 50
4 4
4 5
4 6
4 7
4 8
4 9
4 10
4 11
4 12
4 13
4 14
4 15
4 16
4 17
4 18
4 19
4 20
4 21
4 22
4 23
4 24
4 25
4 26
4 27
4 28
4 29
4 30
4 31
4 32
4 33
4 34
4 35
4 36
4 37
4 38
4 39
4 40
4 41
4 42
4 43
4 44
4 45
4 46
4 47
4 48
4 49
4 50
5 5
5 6
5 7
5 8
5 9
5 10
5 11
5 12
5 13
5 14
5 15
5 16
5 17
5 18
5 19
5 20
5 21
5 22
5 23
5 24
5 25
5 26
5 27
5 28
5 29
5 30
5 31
5 32
5 33
5 34
5 35
5 36
5 37
5 38
5 39
5 40
5 41
5 42
5 43
5 44
5 45
5 46
5 47
5 48
5 49
5 50
6 6
6 7
6 8
6 9
6 10
6 11
6 12
6 13
6 14
6 15
6 16
6 17
6 18
6 19
6 20
6 21
6 22
6 23
6 24
6 25
6 26
6 27
6 28
6 29
6 30
6 31
6 32
6 33
6 34
6 35
6 36
6 37
6 38
6 39
6 40
6 41
6 42
6 43
6 44
6 45
6 46
6 47
6 48
6 49
6 50
7 7
7 8
7 9
7 10
7 11
7 12
7 13
7 14
7 15
7 16
7 17
7 18
7 19
7 20
7 21
7 22
7 23
7 24
7 25
7 26
7 27
7 28
7 29
7 30
7 31
7 32
7 33
7 34
7 35
7 36
7 37
7 38
7 39
7 40
7 41
7 42
7 43
7 44
7 45
7 46
7 47
7 48
7 49
7 50
8 8
8 9
8 10
8 11
8 12
8 13
8 14
8 15
8 16
8 17
8 18
8 19
8 20
8 21
8 22
8 23
8 24
8 25
8 26
8 27
8 28
8 29
8 30
8 31
8 32
8 33
8 34
8 35
8 36
8 37
8 38
8 39
8 40
8 41
8 42
8 43
8 44
8 45
8 46
8 47
8 48
8 49
8 50
9 9
9 10
9 11
9 12
9 13
9 14
9 15
9 16
9 17
9 18
9 19
9 20
9 21
9 22
9 23
9 24
9 25
9 26
9 27
9 28
9 29
9 30
9 31
9 32
9 33
9 34
9 35
9 36
9 37
9 38
9 39
9 40
9 41
9 42
9 43
9 44
9 45
9 46
9 47
9 48
9 49
9 50
10 10
10 11
10 12
10 13
10 14
10 15
10 16
10 17
10 18
10 19
10 20
10 21
10 22
10 23
10 24
10 25
10 26
10 27
10 28
10 29
10 30
10 31
10 32
10 33
10 34
10 35
10 36
10 37
10 38
10 39
10 40
10 41
10 42
10 43
10 44
10 45
10 46
10 47
10 48
10 49
10 50
11 11
11 12
11 13
11 14
11 15
11 16
11 17
11 18
11 19
11 20
11 21
11 22
11 23
11 24
11 25
11 26
11 27
11 28
11 29
11 30
11 31
11 32
11 33
11 34
11 35
11 36
11 37
11 38
11 39
11 40
11 41
11 42
11 43
11 44
11 45
11 46
11 47
11 48
11 49
11 50
12 12
12 13
12 14
12 15
12 16
12 17
12 18
12 19
12 20
12 21
12 22
12 23
12 24
12 25
12 26
12 27
12 28
12 29
12 30
12 31
12 32
12 33
12 34
12 35
12 36
12 37
12 38
12 39
12 40
12 41
12 42
12 43
12 44
12 45
12 46
12 47
12 48
12 49
12 50
13 13
13 14
13 15
13 16
13 17
13 18
13 19
13 20
13 21
13 22
13 23
13 24
13 25
13 26
13 27
13 28
13 29
13 30
13 31
13 32
13 33
13 34
13 35
13 36
13 37
13 38
13 39
13 40
13 41
13 42
13 43
13 44
13 45
13 46
13 47
13 48
13 49
13 50
14 14
14 15
14 16
14 17
14 18
14 19
14 20
14 21
14 22
14 23
14 24
14 25
14 26
14 27
14 28
14 29
14 30
14 31
14 32
14 33
14 34
14 35
14 36
14 37
14 38
14 39
14 40
14 41
14 42
14 43
14 44
14 45
14 46
14 47
14 48
14 49
14 50
15 15
15 16
15 17
15 18
15 19
15 20
15 21
15 22
15 23
15 24
15 25
15 26
15 27
15 28
15 29
15 30
15 31
15 32
15 33
15 34
15 35
15 36
15 37
15 38
15 39
15 40
15 41
15 42
15 43
15 44
15 45
15 46
15 47
15 48
15 49
15 50
16 16
16 17
16 18
16 19
16 20
16 21
16 22
16 23
16 24
16 25
16 26
16 27
16 28
16 29
16 30
16 31
16 32
16 33
16 34
16 35
16 36
16 37
16 38
16 39
16 40
16 41
16 42
16 43
16 44
16 45
16 46
16 47
16 48
16 49
16 50
17 17
17 18
17 19
17 20
17 21
17 22
17 23
17 24
17 25
17 26
17 27
17 28
17 29
17 30
17 31
17 32
17 33
17 34
17 35
17 36
17 37
17 38
17 39
17 40
17 41
17 42
17 43
17 44
17 45
17 46
17 47
17 48
17 49
17 50
18 18
18 19
18 20
18 21
18 22
18 23
18 24
18 25
18 26
18 27
18 28
18 29
18 30
18 31
18 32
18 33
18 34
18 35
18 36
18 37
18 38
18 39
18 40
18 41
18 42
18 43
18 44
18 45
18 46
18 47
18 48
18 49
18 50
19 19
19 20
19 21
19 22
19 23
19 24
19 25
19 26
19 27
19 28
19 29
19 30
19 31
19 32
19 33
19 34
19 35
19 36
19 37
19 38
19 39
19 40
19 41
19 42
19 43
19 44
19 45
19 46
19 47
19 48
19 49
19 50
20 20
20 21
20 22
20 23
20 24
20 25
20 26
20 27
20 28
20 29
20 30
20 31
20 32
20 33
20 34
20 35
20 36
20 37
20 38
20 39
20 40
20 41
20 42
20 43
20 44
20 45
20 46
20 47
20 48
20 49
20 50
21 21
21 22
21 23
21 24
21 25
21 26
21 27
21 28
21 29
21 30
21 31
21 32
21 33
21 34
21 35
21 36
21 37
21 38
21 39
21 40
21 41
21 42
21 43
21 44
21 45
21 46
21 47
21 48
21 49
21 50
22 22
22 23
22 24
22 25
22 26
22 27
22 28
22 29
22 30
22 31
22 32
22 33
22 34
22 35
22 36
22 37
22 38
22 39
22 40
22 41
22 42
22 43
22 44
22 45
22 46
22 47
22 48
22 49
22 50
23 23
23 24
23 25
23 26
23 27
23 28
23 29
23 30
23 31
23 32
23 33
23 34
23 35
23 36
23 37
23 38
23 39
23 40
23 41
23 42
23 43
23 44
23 45
23 46
23 47
23 48
23 49
23 50
24 24
24 25
24 26
24 27
24 28
24 29
24 30
24 31
24 32
24 33
24 34
24 35
24 36
24 37
24 38
24 39
24 40
24 41
24 42
24 43
24 44
24 45
24 46
24 47
24 48
24 49
24 50
25 25
25 26
25 27
25 28
25 29
25 30
25 31
25 32
25 33
25 34
25 35
25 36
25 37
25 38
25 39
25 40
25 41
25 42
25 43
25 44
25 45
25 46
25 47
25 48
25 49
25 50
26 26
26 27
26 28
26 29
26 30
26 31
26 32
26 33
26 34
26 35
26 36
26 37
26 38
26 39
26 40
26 41
26 42
26 43
26 44
26 45
26 46
26 47
26 48
26 49
26 50
27 27
27 28
27 29
27 30
27 31
27 32
27 33
27 34
27 35
27 36
27 37
27 38
27 39
27 40
27 41
27 42
27 43
27 44
27 45
27 46
27 47
27 48
27 49
27 50
28 28
28 29
28 30
28 31
28 32
28 33
28 34
28 35
28 36
28 37
28 38
28 39
28 40
28 41
28 42
28 43
28 44
28 45
28 46
28 47
28 48
28 49
28 50
29 29
29 30
29 31
29 32
29 33
29 34
29 35
29 36
29 37
29 38
29 39
29 40
29 41
29 42
29 43
29 44
29 45
29 46
29 47
29 48
29 49
29 50
30 30
30 31
30 32
30 33
30 34
30 35
30 36
30 37
30 38
30 39
30 40
30 41
30 42
30 43
30 44
30 45
30 46
30 47
30 48
30 49
30 50
31 31
31 32
31 33
31 34
31 35
31 36
31 37
31 38
31 39
31 40
31 41
31 42
31 43
31 44
31 45
31 46
31 47
31 48
31 49
31 50
32 32
32 33
32 34
32 35
32 36
32 37
32 38
32 39
32 40
32 41
32 42
32 43
32 44
32 45
32 46
32 47
32 48
32 49
32 50
33 33
33 34
33 35
33 36
33 37
33 38
33 39
33 40
33 41
33 42
33 43
33 44
33 45
33 46
33 47
33 48
33 49
33 50
34 34
34 35
34 36
34 37
34 38
34 39
34 40
34 41
34 42
34 43
34 44
34 45
34 46
34 47
34 48
34 49
34 50
35 35
35 36
35 37
35 38
35 39
35 40
35 41
35 42
35 43
35 44
35 45
35 46
35 47
35 48
35 49
35 50
36 36
36 37
36 38
36 39
36 40
36 41
36 42
36 43
36 44
36 45
36 46
36 47
36 48
36 49
36 50
37 37
37 38
37 39
37 40
37 41
37 42
37 43
37 44
37 45
37 46
37 47
37 48
37 49
37 50
38 38
38 39
38 40
38 41
38 42
38 43
38 44
38 45
38 46
38 47
38 48
38 49
38 50
39 39
39 40
39 41
39 42
39 43
39 44
39 45
39 46
39 47
39 48
39 49
39 50
40 40
40 41
40 42
40 43
40 44
40 45
40 46
40 47
40 48
40 49
40 50
41 41
41 42
41 43
41 44
41 45
41 46
41 47
41 48
41 49
41 50
42 42
42 43
42 44
42 45
42 46
42 47
42 48
42 49
42 50
43 43
43 44
43 45
43 46
43 47
43 48
43 49
43 50
44 44
44 45
44 46
44 47
44 48
44 49
44 50
45 45
45 46
45 47
45 48
45 49
45 50
46 46
46 47
46 48
46 49
46 50
47 47
47 48
47 49
47 50
48 48
48 49
48 50
49 49
49 50
50 50
3544624 3686768
109410520 45
545 29
1 747607
13 21
555750254 9
3134238 2
138 262313078
22534775 23951361
168429 72
2 384759
886 17
1855 7
36720 89219
401889 50
419079 93921941
605601632 7
7283493 392606990
80 65766
459189 729270550
466295 963
58807187 28398
8 300
918406781 28135
4582 872843263
255 671
30563 119777256
78 93145
4432 18275
679541328 937940
89 2238
685367237 79022
78218536 4609465
38 300999
2205 18049
796880654 18279
84608 1332339
709 309565103
483541522 874
64583083 55885342
7590043 1227
39 32532
788435630 5818153
517368603 1331031
63 261109454
91 42720061
255522 28601
3 843556976
690914 6
9039840 662168513
9 69
16 5386
396 37
81 3526
8 8396202
71314 363110
716197 89538
6173 2176
1671 472110
732 462
365 21
880608512 25
776608192 137
81 399359123
888 864
798856766 8917
4086 5
522 508
49230 71957748
505480817 35
7 6888
8403 1
26578037 21094549
58 25145
9 1413263
6 78
965674124 598058669
343851621 6
490 152
772 7204
69434 287
8 7622
335152 8722
286339 957662
886611 96261253
3849171 25
12473331 67031864
8949350 3850933
1856913 1679214
39097325 82435
8885 8209871
56216403 948785357
77 1591799
979385000 94074
48647798 888900
9486 49643930
576955 33935
6930807 983
8 485
22 2
2553805 46688607
0 2040715
7 1
805902360 36
44 866
326470 164
2841887 6903
94653 6688347
3 7422
3 17296326
3718576 300267551
46376 562011146
655405 623391
8173831 481513295
149127650 56767862
3395020 2152
890066873 66
566 37989
1635473 0
2818604 376844
18824963 417469
205295644 2286
9 8
9063 359
15740958 6920117
71917 82537
96 655
475 288301
29812516 443931
608 30
83 0
2 5615960
27 6862942
0 1966799
17 252
44 36306
66643974 55
44 26173314
771943329 6595
3257538 2635
290596828 84
3 149
46799 83530564
6600405 501
40 61972
1 27984900
19181984 928181
60961 3
481406 537
88229622 76242
8513 75380467
6316757 30906478
8661325 44
10 60578
68750 399304163
595 128
4603 55035
702732368 61
743510 97044757
529 0
72 98320295
589834503 4309
21395299 71
9184194 63069014
234385 93400
8 74
67823 8
204629 1
672372102 72352
71033 4391
2400 1230
218 962685679
2 33441
548894062 37
531 309
724088 612499
8906 33
71706 89999
9 31856467
705340 880182
27712126 423071
6694 95
561599 53856
9234505 4831970
224493558 60698700
529 204322
62422 79859549
940761 986400
0 534
4 9654
16 458887698
255187 91
98 773
5531219 7282729
745 8
7392 968499
11 30342263
247323 41834714
3166417 77
65387 7822
3129843 1
4559 648462236
30573436 62
67154623 573
63845296 771108024
2676 20
940623469 667658958
340529 3
460 0
522311907 6881903
59842 4
2 68133377
86756685 61
68030 69815720
893809 6572350
2534 8
74353555 257547602
7146 58204066
557220 89746460
366 601019
3 8888
2760 321
382198 22833
676678 8712573
66496 907729
45 5
38229 131
492 7913821
2549211 770
92 4
672 17901
35710379 590
2571034 3915206
468 280551061
4217 2435662
0 32379199
6473547 161197663
4217 646558
4341627 5
6636519 82524
8 1669263
7 55410
95547749 283984
198681 5462
2 6
24718 65624
61072860 214851988
2175 1509774
77396 91826889
7781 156
720487975 2831936
471461 2
946 930190917
577723439 175807
840983193 16685
780273143 13
168061 17430796
13 3956
7 2415
666 8470143
5991 3598
901 6184040
4655009 370
104207227 38922
27383055 3410769
52824 20001
2461047 20
638317395 60722925
963 68325749
316 60265
52267 79
50555 7
22857133 171999
221918891 36819
1120 27
557 463887101
346 17752
60134781 457958678
89428 79543
9643 2
3783661 23
4910 29937473
1316 471374
5 386528742
550 407522608
13808537 491
64621 428413831
7 22204
77181387 9
31317646 976248
89 87
895686599 640
6214 8
9999 9
76176654 216470633
496 8157267
6 99
5839913 9204552
975723 641250727
7 992
4401827 81
998320 93
2739654 60001
5978 639749
2 19
815481082 314
51 52661
4 176296879
77479 795171545
64815 799658
4033615 62
9324866 704
496 768320
701323 237
734 450424607
781879 7722164
1 42607
357 9844743
9 8211
851307391 6
446085416 8
72005 18
97882 719
3685 440808268
198 5894
761681162 60680692
829 0
72920 996376602
547528887 8
76 898
918204907 7824
637 70
96776 65
79599089 988125
10 71672
1279 41
942842 16729
6 2
660 89361
22 8225609
886780320 9180
57900120 54
772172941 9
116936 9
512 899
84 59188719
25153 15815
96 681966679
976888252 785486963
99407 27533223
114633 687
83 29
1475 1495
8081 12978
53468 7561
54779848 14
734602 389825912
9 80
7753797 7
242 387
7556 905114
906733620 683
81 7
5893799 1034
7612 9526
96505840 93682
20646 310519235
448717 12640485
745578549 5742779
64598 358
5 5529
80539 22459364
8637 905931485
541 3915372
882478 760
92451212 9832960
29 83827727
6439190 5
429728773 1
4674301 647388478
454446215 7533100
260 7
7 49650797
297547000 20
3383 2689095
299641546 219213232
210811936 841739464
81624967 346676400
64 893
7257750 3
44270 837688633
16575292 267
57 521221
9828 3
37186 82506
9 4581
322363181 538820
8251981 460561
546064219 12212338
674 13461791
7503933 1654997
376039 5877770
873388 694333
727 60909507
641740288 6840
5 889
5 710
684 0
2551 5311
204 120825537
3 2054
91 907
8 13166
4731 227659
63 5544737
63979527 992214901
46 49305263
18 9096
71 9946847
37 9402
859 6916
884193553 2537
95315812 71872
1667 752435608
135462474 302240
68456 601161121
78592 466
117 71
77580312 836525
95972 0
1 10023523
3647496 91
6206026 869169
595720380 776
93613 4152141
304 891
2912880 709
2654487 8100405
6030944 954775
8 82
2103338 582762293
350 23741725
7573801 605590
3538132 616
13280753 78650
9497 95
86069930 8
115 6853469
36543 8
6 59662681
21389 13
424789419 846534172
27 43334482
4724 967053
824743883 23678
596 2323
4742925 591
242529347 5961323
433854220 4413857
773442 3675
1894850 1707
18 8
740304682 30
28731 458091
10784 717
56558258 46777436
771080 84811237
481295063 708
226 52
2 2666095
909317302 1
6 941795
0 5
135 636
7374776 88
18271978 352
8 28
62921993 19
25 2
57132 65
65 945
49938 44
8 250095729
6 304899
99615659 4388008
8370 353401316
58104721 22
2040 8890353
6382 5093227
582002 7327220
863 1
874118022 1
523 7961
3600 6839507
3537966 2185
3155645 606
13951286 57813044
3051517 397121
1985750 63
575231 284911400
29158907 4039556
87 525128
83 6
5 52642314
167507280 9
7 2
7 16668
27168 494345083
446 8937
372114 316
206563548 8
29134852 2
58 91
409 784311
93445 5915449
59180042 9115547
800 2772928
95189909 331
622598410 897202156
7 11
3384040 478
478285507 85
9 4
2768528 4592
69619 28916696
1879 6
645150 448
93 4748519
24021905 2
90794300 4150990
989 421652734
6845 3875
4095604 7
15 7776
4702 15
323428 4250
77 927803
774101926 150
48 0
241254 136650546
959674 632
2056668 2297853
969664543 22845187
4556953 82885874
2966140 9606
1 36102922
285938344 9
97895 376
4528 6616
6 3
17676487 36991878
32 42850406
61 4
3910 599417397
928898 42549
58180295 1814
5 54
7856 910
9965 875894525
32286 453
24240049 6195676
880712099 6543787
919992 848821
138270489 93283208
7219 3701
5 35839
365417 3595338
9 489411
47796552 2083
1 864792852
40236 126981
207 25034
1 7
261401850 9869
2214 1
1149176 5811
4 56955
690134 55958
81048150 2
99546775 606241739
259508 67802203
0 645543
64351 90795
385 31
48 2
632 26
3330 6
5474 325868
4931616 83595
1016360 235503384
3252322 97
7 65771263
82 1359
153979 19801
6711578 670737820
61472 65299199
30428 3902271
3484158 90
15034965 5038941
4 15973588
78228569 33437
368 821419
961 78070277
4053508 3067
8106 899698
566192447 9
55329 63
1 4614
4380 0
987557 224776859
141 4066
6 712020087
119197699 231669
9302 5258237
9440 436
877253 196
8 301083555
9 68515
57472 94
67 688
31201029 9706
172 9020
14783769 38331453
3133 2053273
75978 837133559
47350 693
70082 73
19001 338042
452077 42562
2698910 94
261472619 13689
65849669 5907382
33370 671039965
34 29
1449816 4
168870491 691
3174 18852945
199870794 804417
0 9360
6562232 443413127
164843 46940525
87 84128
17550827 9609
786167 84480620
107715 104
620811427 22381365
580473 8560742
529 7
2425 90042
2207412 3
952 407
8933 3844
69 40369093
667039779 68212
646 45260
2 0
386 289
834677 8046
35848 5
78454643 8233891
1140473 25903
8762427 4408
9 192264750
935 956724
6032 0
2493819 3043174
62036675 47
34273777 90755
8760 9
6830839 88527
588574188 387
927 73093481
5 7457524
5 1839940
791625 750500267
954508 567709
622440 39289
511929591 3572491
9956379 490332
4183 9
2547 930660
60076171 401065
687 83172
38 76
63573635 5175434
73122 92592
390985710 96183
79 5548
731654313 3019
912395013 1805
15223086 11134248
9581813 838620164
3496 7
9944 251069
7 883206862
808 6
6 40204726
939934151 21513411
8 222379
4859942 46
1214 84
3785900 61726875
59929 5063714
450588670 47
714203 526242716
6698 399
9649032 45492
4102285 6635586
258868184 9331118
27175 9326
308314 325718159
475 304
92630862 623358851
67013788 93882
505453 6863
802 682625504
2 58513587
518 113935649
5261 8
3 758550
1 815
88128 7859760
314 2648147
57 38217
7 3422
2458 59
507001051 3636594
96648193 1453806
69230 796645
99 47
83699350 316697
86462 321247
20 501436
722821 329983
525104126 82
5411466 2895086
61806 202349
791305 761
9 606634734
78919 5864
4693 939126
2 62209
676 7815
7825 9572
422370 71060820
8 6553437
29499833 3241
94 42
2479 92
64925 3168321
1353967 3563949
665 18524
6556 60399
465 98
9 6753771
59934621 652791478
94571 11946
507 97905753
734 21576386
805922102 8146
96582 1037992
895076 598738
497575 39864553
37 50
753 5275
34531120 97
292767 883
8 2757229
702834 9245637
6209958 155070041
3700644 129960
27985 2523
383059979 515644
453 92
97210645 69728699
4990 9174
8157070 25
16456 27652
13720 11612
4016 7730
621 508724852
535 9769182
22671 41
12669 613810
9151333 21759
3834 27
6811842 213666
234983878 702
61662 77
907 783
72 6709
47275181 7104
601 3
29 2471478
51128411 24
4646 70634
85 8
98342 66219
38396 55030618
8027153 51
413953341 526757
79459 852587927
3 168573940
330205 3
663 555281
21188494 44790
2592 958223
410743 94153
3 12
40669374 52
65261 7
9217 4108
575157 4
175 432894
171245343 820
336979 1
50 9
51068 19
4943 3
28517 3
9779631 161
4012526 7120183
310 2853126
1428 9986218
1527847 9664178
19 282273
5 44
7594 43
20159 50144
689946 3068
960 505
841 8932
32 4
380 90999
754723109 599835
7223 724625640
53176295 906831641
67 90437297
44632039 36899
24191217 611
403866 71097876
149 432760573
851 819903190
8019405 9328
502307690 881112
314 629
0 4089
1112881 981212646
69156298 2
831 52083017
551524 31507918
82 6144
2064779 543267
4754050 33414952
24423578 94
4459 54009415
7372 93
323492 236746406
17 684613
8279 792
6353291 8184213
53355272 364
632286 306
2 93504
71 255178
7 40282167
43446 262740
538435822 872209
3668 24288928
559016830 80320
57 9351
89469 546447
1343666 91
554 45
6117 6
31 167
198958098 16460
57 38425756
34264259 150996
76143 7499976
902366637 708896685
98737824 4943966
423133240 8
25702280 74668
6772208 5339937
278212239 998
6885025 704
984004 0
57946828 906988
9 26
840470895 4
51153 96657660
392 4
44572528 973091
748504731 3352116
92 39303616
382 88310
717994988 28233849
42274 27
7895 17601
81414 47568100
37585 582
876 38831245
262364229 90865602
194187224 71817246
680 46607
71232 3
73874 71837945
9 521424
75790 1676462
3772 32104
719 4
1 20
312 714
7179420 68937
1764967 42094708
6005 64
278 99216877
496354 5
5957731 785
730099786 4
5242798 9676
3 869732733
167637374 655
232447 41
481031368 23
13489023 3470331
79 8929
7431 414752
63222256 5633
49079032 37597015
121 34610
597988 870
597 48
6767 17
34 878568
8 538
38 5975
42269 444
3991737 5025700
952506 924
8474763 85
2999799 560
72964 3604
8752721 462359546
4123986 592783465
877232 48901
5750 849451154
132119463 84207835
5556 908354398
992575 3
61896 503
27075404 2874
978518 1260
3348368 35
51458 851059
68888 2138
62217488 93891996
22 4235058
2147411 2127
803 4328560
2528020 39970114
39763497 46357794
7380270 5
98047022 439
5594 53520
352324632 77092435
719 65622042
9721 11
0 289
2 1871
964185 83072
4038 8326209
75 3
27066 76173567
75449 55794343
19697 20467359
993555204 3577
61640 372950209
6473 924
9359 11197
4 84908017
540852210 1653
47 5
77 1781854
8 48
3 9845
4333937 9042046
0 210626
75128 992
399406620 202245
71729 263252
7916 3340552
72624 4538
608146 516
9941 6143037
45 2759521
51097897 9385541
6 64394989
4665953 7427
45754 6633264
2 58317
650514236 7034522
761 3451484
19435879 1482
917904 710
38671613 248249
889 3712839
19 5492320
21555515 5
8728 31504458
481056313 64
5 215155
4 372423825
1 494470
7414 58907
1685125 395301466
13447138 3270
2747235 856234
47 40232715
7570766 70
870 1
7 294928445
791281 1
678692593 820561173
27701412 615074836
305689635 773177049
192573292 785538096
172649176 82913193
612802655 474081278
185995409 728001392
759317915 164195616
456320351 480857800
503239941 422069611
966016214 196166419
603766164 48334237
79480399 942904490
208702558 171989047
279375785 126356348
613421731 855885732
212946583 137190455
758836616 109522717
587910822 997464478
31662816 758440
734943800 349374650
33763938 905170684
964110047 635638924
410332041 9627239
265228714 706270405
829922084 707843668
639231958 110892704
904596301 889645578
785516897 87509150
80190275 734722295
74982854 780080219
347832436 657385975
362850871 802038934
177954682 172800087
385675878 983390285
643182382 313061520
229217568 506073583
911464780 62185018
87847764 44537873
364370808 321322038
806420976 875204863
843897222 435235877
186973616 94398879
891056599 289917726
87898247 55136332
901121034 706625516
430367070 705125437
850242105 666421657
465457081 526521756
88744306 464402157
77249092 499017083
535391732 969878512
734175296 906479900
206612501 574048475
195705544 454686248
520897394 151663353
467135 752526715
747152439 776397343
58824206 99763490
746835664 398925700
320221198 767953557
13755567 159193317
448434239 504438805
571206337 660337170
815996631 433982023
856835888 527601110
975219709 24331115
695677439 761988422
504527952 263734391
256225335 387539001
918145630 81419233
787415470 393784510
276494855 788076720
467716006 687926597
973543560 464422396
116786699 248137403
789047400 731363133
814758763 416704800
650825971 484967352
328781552 944129103
610781379 235489458
605019421 653135205
554477136 183166669
624989505 245713152
176904210 78050671
723247030 345774366
997117912 279353699
592529206 953554565
269608835 115184559
491186661 30558618
591034562 217166297
855278243 16068161
749960898 419316833
678199897 825119007
286159283 998456297
399073685 707726553
703092830 689438567
47517301 189659950
435403569 535239912
843171038 143188740
296141685 596872311
614450769 753885619
800559159 500661228
215392772 454554501
539481440 782614345
734079635 7351419
676674857 402977377
550070718 51219876
481221620 550225223
524541665 742510855
117284217 751205870
66553914 291714452
73769911 699697362
865487550 915114512
623783854 703089729
474487198 569041320
827507827 999868426
147116330 494677549
221932010 853689402
236295784 639583897
200306876 736951791
289942810 312242372
171746653 733051968
449601847 96503807
584877385 591338400
704414086 388256764
494163317 369359702
102861688 574144552
0 0